WER: 0.186573
CER: 0.073379